Techniques=prod80_02_Cinetools_LUT@PD80_02_Cinetools_LUT.fx,prod80_03_Shadows_Midtones_Highlights@PD80_03_Shadows_Midtones_Highlights.fx,AmbientLight@AmbientLight.fx,prod80_05_LumaSharpen@PD80_05_Sharpening.fx

[AmbientLight.fx]
alAdapt=0.700000
alAdaptBaseBlackLvL=2
alAdaptBaseMult=1.000000
alDebug=0
alDirtInt=1.000000
alDirtOVInt=1.000000
alInt=2.384000
alLensInt=2.246000
alLensThresh=0.500000
alThreshold=15.000000
AL_Adaptation=1
AL_Adaptive=0
AL_Dirt=0
AL_DirtTex=0
AL_Dither=1
AL_Lens=0
AL_Vibrance=0

[PD80_02_Cinetools_LUT.fx]
dither_strength=1.000000
enable_dither=0
ib=0.000000,0.000000,0.000000
ig=1.000000
iw=1.000000,1.000000,1.000000
ob=0.000000,0.000000,0.000000
ow=1.000000,1.000000,1.000000
PD80_Intensity=0.579000
PD80_LutSelector=4
PD80_MixChroma=1.000000
PD80_MixLuma=1.000000

[PD80_03_Shadows_Midtones_Highlights.fx]
blendcolor_h=1.000000,1.000000,1.000000
blendcolor_m=0.980000,0.588000,0.000000
blendcolor_s=0.000000,0.365000,1.000000
blendmode_h=0
blendmode_m=0
blendmode_s=0
brightness_h=0.000000
brightness_m=0.000000
brightness_s=0.000000
contrast_h=0.000000
contrast_m=0.000000
contrast_s=-0.000000
dither_strength=2.000000
enable_dither=1
exposure_h=0.000000
exposure_m=0.000000
exposure_s=0.000000
luma_mode=2
opacity_h=0.000000
opacity_m=0.000000
opacity_s=0.000000
saturation_h=-0.083000
saturation_m=-0.083000
saturation_s=-0.172000
separation_mode=0
tint_h=-0.153000
tint_m=0.083000
tint_s=0.000000
vibrance_h=0.000000
vibrance_m=0.000000
vibrance_s=0.230000

[PD80_05_Sharpening.fx]
BlurSigma=0.450000
depthCurve=1.000000
depthEnd=0.100000
depthStart=0.000000
display_depth=0
enableShowEdges=0
enable_depth=0
enable_reverse=0
limiter=0.030000
Sharpening=0.868000
Threshold=0.000000

